0.5050746960756375, 22, 600.2437540449992
0.5087294765431516, 15, 747.794040146
0.5099561869649196, 26, 583.0517379069988
0.5082147453047313, 13, 655.4993778699991
0.5070945434555656, 27, 665.7138862069987
0.5050900854718132, 15, 638.6961871469975
0.5054119525322976, 15, 542.1239817820024
0.5082978785349045, 18, 728.2134926709987
0.5061423262185518, 29, 632.4450081020041
0.509171276534215, 9, 792.146338797007
0.5084477985481808, 17, 752.2522033389978
0.5088543307512693, 14, 613.464825204006
0.5081015742751325, 16, 853.7848095829977
0.5055150416572288, 16, 768.4394801509916
0.5080655017266456, 16, 864.8989544020005
0.5029704538938103, 17, 577.1443932389957
