0.5053248555015476, 14, 938.9824387749977
0.5085815671760562, 14, 665.2510173939991
0.501930562168739, 13, 783.658315869001
0.4997872262608706, 11, 762.1817203840001
0.5058738529119552, 31, 675.6799737969995
0.5082950175603104, 17, 683.2602995900015
0.5097760554818431, 21, 563.7239864959993
0.5047445812007824, 28, 804.7494480530004
0.5045154020191459, 12, 692.8437473569938
0.504295677548646, 10, 790.9139293860062
0.5025472656783893, 67, 813.4619602360035
0.5088073015536316, 14, 1098.9502097219956
0.5096944447983618, 14, 756.8349582600058
0.5068446375497364, 28, 582.2599685129971
0.5052221180894991, 21, 638.7315542149881
0.508134267614841, 14, 1120.2971488949988
