0.5084971100873394, 24, 836.9611041690005
0.5056244451885242, 17, 554.3006350480027
0.5091782841554952, 16, 724.2319365080002
0.5053785943872994, 16, 727.6632678149981
0.508434317300178, 28, 829.2571520839992
0.5098322326768596, 25, 646.1581650900043
0.5049052623590433, 13, 618.9518769349961
0.5097575237655246, 22, 693.4076955569981
0.5102619407335025, 16, 660.3078383919928
0.5041569599552072, 24, 988.017760748
0.509800784922876, 22, 658.8370738250087
0.5062107191732912, 31, 602.3603966800001
0.5052524970618204, 14, 587.6100278899976
0.5045087963713851, 16, 595.1840912330081
0.507846790857845, 16, 719.2750839829969
0.5050529501576939, 16, 545.9221627209918
