0.5077493083846194, 30, 659.1875889060011
0.5049276512628685, 13, 989.354496285001
0.5067642493338845, 17, 749.4551715909984
0.5083518822682838, 17, 594.9895769530012
0.5120458519722456, 19, 1288.234635519002
0.5069397632684126, 35, 1196.0127798610047
0.5095550808353285, 18, 1284.940686932001
0.5070974468794816, 40, 1201.9272243640007
0.5088216908210464, 22, 914.2290768349994
0.5065195051835781, 19, 616.7666512109936
0.5103517160137364, 16, 643.5599295720021
0.5098168811709454, 26, 607.5599886589989
0.5064504022288581, 24, 867.4544871990074
0.5087976743860323, 16, 556.3460806719959
0.5068289734534744, 30, 541.685987113
0.5100145133137899, 21, 602.9539289120003
