0.508727720054166, 12, 608.5410269540007
0.5051720537315391, 14, 533.1362097399979
0.5057926357853945, 31, 628.2222630310025
0.5099310790753424, 14, 854.8086701299981
0.5087584649024492, 16, 581.1184894969992
0.506195679731629, 18, 662.1424841469998
0.5063200894587715, 19, 606.562179049004
0.5092796537429352, 13, 944.0802302459997
0.5122684548721229, 15, 643.7493474670046
0.49887259683110435, 67, 598.2658678910084
0.5051688180312026, 17, 703.8751936299959
0.5101156578061885, 27, 565.2500981070043
0.5049962147133706, 19, 703.697795724991
0.5048409426238318, 19, 587.7385384819936
0.510265197244643, 15, 515.300758575002
0.5062663707321852, 20, 810.9839442270022
