0.5073135495839035, 29, 700.6259830059971
0.5087570049477231, 14, 637.5315609780009
0.51013280380805, 19, 569.3253170829994
0.5054714015872572, 13, 696.8209804459984
0.505197678189237, 24, 1049.1214486419995
0.5084812912530932, 20, 1308.2125450669992
0.5086441327048862, 17, 650.1198319070027
0.5100712308258094, 14, 758.6024497809995
0.5031594903898464, 27, 832.3338827119951
0.504703199044587, 26, 670.9097213040004
0.5047206586047763, 11, 1014.8396031869925
0.5120816398233691, 16, 697.3330404720036
0.509754807481868, 22, 914.8914561129932
0.5026404980359934, 43, 704.9241753960086
0.5101384540727759, 18, 872.9487819880014
0.5103052907292102, 13, 572.9737580110086
