10.510088995636257, 26, 811.2326240180009
0.5028301105992433, 25, 748.5268133519985
0.5051672096939254, 29, 605.0795598639997
0.5041658608130023, 24, 692.5587310049996
0.5050438048297226, 15, 958.464915728
0.5085555544306143, 17, 994.9948091709994
0.5123369294254523, 14, 756.7316306290013
0.5090239100437949, 13, 623.1439965800018
0.5072065949948672, 16, 886.2160331170016
0.5099, 30, 881.03
0.5100, 15, 1186.76
0.5088, 15, 710.93
0.5021, 12, 822.85
0.5084, 16, 818.41
0.5056, 16, 651.16
0.5075, 29, 805.64