0.26923349979852557, 123, 82.88545160799913
0.26758751381488044, 132, 85.15339206999852
0.2693435175997861, 144, 83.51452634999805
0.27019342136624297, 144, 76.12649456799772
0.2704101203583852, 144, 78.26439430399842
0.26862865280710746, 100, 82.72997420700267
0.2703091941248103, 155, 88.15834107800038
0.2694343740393702, 125, 82.87166038800206
0.26861205848772635, 167, 77.42970141000114
0.26942518845012897, 107, 84.37417590599944
0.27073589711427737, 143, 86.89023795699904
0.27092338024067386, 176, 80.03995482100436
0.2703683392341035, 145, 81.95872956600215
0.26950509258635913, 121, 98.69191072000103
0.269280954584535, 135, 88.75881057700462
0.27168393749025715, 107, 86.66632028800086
0.26847482173597503, 106, 108.0702988089979
0.2676254292415733, 104, 85.91204515600111
0.26975554299388976, 131, 89.51776019200042
0.2692735286380465, 122, 117.95669286700286
0.26992573599991554, 136, 103.97236096500274
0.27135481489770213, 133, 101.0573208890055
0.2675981493502203, 113, 101.37977352899907
0.27133923452503617, 138, 78.51812135599903
0.2701361477486297, 124, 83.24402518299758
0.2678145166773233, 124, 95.05048392200115
0.2665208585794987, 136, 116.80976929000462
0.26938572180440373, 116, 99.82898271999875
0.27055483610215714, 155, 91.24888180999551
0.2676343761740846, 154, 83.567166007997
0.26938345031879635, 114, 82.19268427500356
0.2680254347069679, 117, 82.22924200599664
0.2707448812557184, 156, 79.81248183700518
0.26690562866437156, 155, 84.20833706700068
0.2691702694995014, 143, 86.35284661399783
0.2697428952165146, 119, 95.18353943400143
0.2709962642414358, 122, 106.34885730400129
0.2676175479001529, 138, 82.33588742300344
0.26808685028018764, 133, 82.64796342699992
0.27157044907581884, 107, 88.30329600500045
0.27201413911858746, 145, 85.19841522300067
0.26676018271337876, 172, 119.18765498199991
0.268905997137892, 145, 95.76349529500021
0.2703510458100896, 137, 82.68933107500015
0.27176136650358595, 145, 86.66567238599964
0.2705141504552539, 137, 93.20306629900006
0.2683999418582014, 139, 87.72037858499971
0.27136490340873365, 161, 97.5447562520003
0.26896533761301294, 139, 77.81707922199985
0.2687547677167747, 158, 83.75216280700079
0.2715938535975151, 121, 88.08210940299614
0.27054216703111833, 137, 80.18806854599825
0.2701311508319424, 125, 94.37579142100003
0.2701166047604218, 153, 89.91013686799852
0.26847287588457147, 125, 102.3351719370039
0.2674391714988135, 124, 104.18776308100496
0.2683104988659436, 119, 86.31902667800023
0.2696858669472106, 148, 95.7943465779972
0.2716843295335604, 128, 90.2198771809999
0.2671189926064866, 134, 87.35349115600548
0.27082299859894593, 142, 100.52217030199972
0.2677666777617447, 138, 77.16120104600122
0.267988559495997, 138, 78.73409597099817
0.27097110816396786, 129, 86.6989362519962
0.2686971059574653, 165, 78.95406905900018
0.27106725932060916, 124, 90.07521891700162
0.2689427695028076, 118, 79.48493775899988
0.2696108716046883, 131, 86.40460219299712
0.2705280192317148, 127, 94.49119127000449
0.2691298455701343, 112, 87.40253032399778
0.2719291337752604, 100, 87.8417079819992
0.2709589932959032, 149, 83.84549601599429
0.2699930323513114, 150, 86.15419088699855
0.2704576984192204, 146, 96.52855397499661
0.26993479408267645, 122, 84.46032002999709
0.2692222560083185, 153, 83.16373776499677
0.26706668131932726, 125, 88.6552678720036
0.26980158107321855, 127, 89.2733008590003
0.2688632495489724, 121, 84.41869429699727
0.2680826354224785, 129, 89.56554180799867
0.26724906008219695, 138, 86.99250416299765
0.26866225677884775, 157, 109.81672559099388
0.27166193363068075, 174, 77.43433292000555
0.27003573397889746, 114, 85.77166765999573
0.2711715430384947, 150, 81.40282004600158
0.2704647958347711, 133, 82.62565538700437
0.27168793484350634, 157, 89.16618687100708
0.26800328381898264, 122, 83.43543789499381
0.272597013635334, 136, 93.27024795798934
0.26895203892917935, 132, 86.83650858599867
0.26861061873821396, 119, 82.68680589200812
0.26968113733904625, 115, 91.04563509998843
0.2700171394537004, 113, 84.73178914599703
0.27016872540386916, 121, 87.31787556200288
0.2676963122622782, 192, 87.70981368499633
0.2691564324470959, 127, 85.48002957701101
0.2709300972870798, 120, 94.50330997700803
0.26747741182621554, 142, 80.2582853789936
0.2692137849077648, 187, 98.35611059599614
0.27252768837329655, 129, 93.00497011900006
0.2684230887067635, 160, 89.67134856000484
0.26707380735405617, 120, 86.44924363101018
0.26898174585093193, 136, 82.7083213779988
0.27011568958232385, 127, 96.22959381699911
0.26929089457720323, 128, 91.20604085100058
0.2692276079881632, 164, 95.22789979499066
0.2698651915579668, 158, 85.34583278799255
0.2727142099673296, 110, 90.35624562100566
0.2704470875072505, 97, 110.76447827799711
0.2714570936340297, 117, 98.58257857800345
