0.2709632148510449, 142, 91.88656122300017
0.2692531090668808, 126, 93.26118891100123
0.27019102432688896, 160, 85.01443132699933
0.2678742897169643, 93, 112.56789067000136
0.27131645693436995, 181, 86.99750735099951
0.2701149018910187, 126, 99.52824229100224
0.2698372197032053, 120, 104.0320539280001
0.27138567443235984, 139, 89.79483547400014
0.26922243879335656, 134, 86.21262497999851
0.2680798217757908, 134, 89.57408714900157
0.2683391140553362, 146, 85.83962609899754
0.2704181609107633, 131, 99.65586834900023
0.27113953736557955, 131, 94.99534153300192
0.26968463669339515, 119, 89.81625514299958
0.2711458954597061, 132, 93.53070612499869
0.26894350183027405, 136, 84.96275154400064
0.26870245146948163, 184, 96.99110100899998
0.2694920157195069, 165, 83.09404289899976
0.27076752134603327, 130, 96.27112934600154
0.27094199835958405, 116, 88.97145280399855
0.2673341144547221, 160, 90.46893653900042
0.2658861756806505, 129, 98.81188288799603
0.26905062167198457, 147, 95.33571087000018
0.2681202471673026, 128, 111.68862983099825
0.2705929590187907, 133, 105.35572664099891
0.26736727486373824, 111, 95.37666624700068
0.2680994684744644, 152, 83.46281681300025
0.26808406127047857, 132, 93.22646785799589
0.2693409736638726, 148, 86.17640181699971
0.2713396434821225, 117, 98.03870010399987
0.26808243526204545, 108, 102.12409867899987
0.2691825673245957, 121, 111.76959616199747
0.26971922630506584, 156, 90.9143561269957
0.26826462633479603, 149, 109.98640862899629
0.2694765424824809, 115, 96.1443776100059
0.2690275962884729, 109, 108.95301335399563
0.26990833874697234, 152, 87.30940212999849
0.2681220436204225, 154, 102.69925025900011
0.2671977272550178, 156, 88.80362055200385
0.2674610137522404, 143, 94.98063393100165
0.2675397209560918, 149, 85.01201921400025
0.2701586040733808, 128, 93.90146539300076
0.2699824620871163, 149, 110.41626183800145
0.26695403659078853, 143, 95.25683054699948
0.2699343405504514, 121, 98.79342804000044
0.26911637581487263, 174, 82.83229092799957
0.26803129313837915, 134, 83.91050179099875
0.2687938187036448, 143, 84.06107097600034
0.2683739811691003, 119, 90.80421126799956
0.2686332969058559, 136, 92.02647512200019
0.2704565851939022, 122, 98.29826098799822
0.27135061592669063, 118, 98.44262537400209
0.2694243968390607, 152, 106.07114222399832
0.2678210458953533, 149, 83.86973585599844
0.2717627442282359, 114, 100.31747563200042
0.2691672270970352, 143, 84.20112005199917
0.2700165344379084, 122, 96.77777814599904
0.2690904511531291, 105, 109.67049279500134
0.2684850260101242, 150, 90.3552726199996
0.2694452965326841, 152, 99.0684525659999
0.27323002073413305, 129, 91.93547380700329
0.26906971524414164, 112, 92.0251012009976
0.26922882493370603, 122, 89.9751928859987
0.2677265262404109, 143, 92.4945151100037
0.26965507797365423, 111, 87.96296849100327
0.26791105191865555, 154, 85.36713407900243
0.269586266281666, 166, 87.72129063399916
0.27016051858422857, 127, 106.89194592100102
0.2704979448880195, 119, 104.47145965899836
0.26713468964461684, 154, 96.91199082200183
0.2715449446470347, 127, 110.06977513099991
0.26807119759201337, 136, 93.05720972900599
0.26912979585568975, 141, 90.0420002289975
0.2705202266711235, 105, 95.33215945100528
0.26821968924544426, 164, 103.03131592499994
0.2688380629258966, 139, 100.8177522449987
0.2666020743003466, 175, 85.48621743699914
0.26963935106571624, 121, 99.6972872030019
0.2706848711234113, 126, 92.75712351599941
0.26958129536360226, 151, 98.68670819999534
0.272730068225643, 128, 94.41625896500045
0.2682426815916479, 167, 89.63710925899795
0.2699187103414248, 146, 89.49347757000214
0.2692834970166156, 149, 92.87891953899816
0.2681075030355618, 133, 106.33456759299588
0.2690711616367161, 117, 94.08345453999937
0.26698467463377645, 171, 91.77060523100226
0.2665822428993781, 148, 92.72729543199966
0.2689076246705094, 126, 96.61299333300121
0.2692055113129305, 130, 89.69154105000052
0.26905946011008364, 120, 101.47908345099131
0.2673806499006612, 137, 87.32258115299919
0.26545559619991704, 135, 81.9214680060104
0.2722976033219375, 140, 92.90843951600255
0.26887366784007183, 146, 91.86648124799831
0.2680265770480004, 100, 100.33576289299526
0.27079860448092685, 124, 98.39522862598824
0.27114955338057795, 138, 102.6655154540058
0.27017865908207883, 118, 90.2708837169921
0.2686173142177177, 134, 102.42780552399927
0.26629243427522903, 145, 99.22412265400635
0.27180746876538203, 120, 94.50975678599207
0.2685275830505546, 126, 107.27875902500818
0.269388537410418, 175, 92.71438271799707
0.27011787934929926, 138, 102.51150607899763
0.27164322251624884, 133, 104.1326384809945
0.2705413277737171, 136, 109.4727535849961
0.26938071603007524, 128, 92.42556414700812
0.26674112550691625, 112, 89.64421892799146
0.26960313518431867, 177, 98.93722177500604
