0.26987703231395666, 133, 129.52813273799984
0.2694043457392177, 129, 86.34412688500015
0.26881202617123917, 149, 118.41864815000008
0.27017643816692594, 121, 89.55746971799817
0.2703096090393506, 136, 80.98345663299915
0.26695562224032693, 139, 109.84174638300101
0.271743663107907, 118, 115.91451521400086
0.27044955955745276, 120, 94.49695468600112
0.26712815349040114, 142, 108.25188880800124
0.2681425706654037, 115, 95.68210980400181
0.2721328840820981, 161, 83.6021432109992
0.2716214479215846, 107, 85.00016168300499
0.26874837557455916, 109, 98.14435645299818
0.27282371822788415, 133, 106.62906598099653
0.2705685138270806, 156, 85.46036992299923
0.26817928546390357, 130, 95.55481231699378
0.26891424283519816, 110, 91.67317321199516
0.2709985944387836, 134, 107.84072840499721
0.26799684604132723, 130, 110.71747898899775
0.27074888925290275, 148, 84.94345019799948
0.26948737144017426, 110, 105.0357427659983
0.2682924454570457, 130, 105.56021151399909
0.2681950363481262, 112, 94.94092282999918
0.27005688431598057, 195, 91.47438355899794
0.26967177314217217, 118, 100.50226190400281
0.2718559182567513, 150, 121.94365679800103
0.26840484241108925, 102, 90.36378002400306
0.27095635111168037, 133, 95.26455176000309
0.2672746588563802, 130, 117.78223831399373
0.269319557790844, 119, 114.42126995299623
0.26943258769130324, 131, 96.76335636099975
0.26745893874189725, 126, 92.06139471799906
0.2677800348036503, 131, 107.99717265600157
0.27197435883719, 106, 98.7426144609999
0.2718670734173057, 199, 84.1619644020011
0.26966407373777984, 129, 105.95745499400073
0.2730300329352005, 159, 106.53133783999874
0.2701367849200338, 107, 116.24420773999918
0.2686993147972326, 151, 90.52299545999995
0.2678745280902588, 128, 93.82878531699862
0.2707449847852519, 138, 131.8446092459999
0.2714632157886039, 128, 93.11436644800051
0.26820016866611, 138, 102.27185478499996
0.2711566901173343, 151, 106.17765726400103
0.2685837888299457, 144, 102.00144417000047
0.2693225402389914, 175, 84.33383455900002
0.26886328307801477, 109, 104.58599250599946
0.27055886976218463, 157, 91.37659616899873
0.26884052366056854, 126, 106.94061097400117
0.26934409247708335, 112, 94.31873482599985
