0.27367384784313026, 155, 84.97442560599666
0.27002180185743635, 135, 81.98288686800151
0.2721404142257401, 127, 87.00175676800063
0.27068893904425506, 135, 88.36832956800208
0.27075378304899966, 85, 88.73589366200031
0.268609364048311, 111, 78.07933900699936
0.2687957050458185, 145, 87.56284573800076
0.26857580302222844, 166, 88.281118461
0.26957940375379924, 127, 82.15299913600029
0.2696868672102235, 128, 83.38111918600043
0.2720491526898078, 111, 94.48714417200244
0.2688958913198535, 105, 96.1577213779965
0.2708482526517927, 116, 100.02233144899947
0.26711818384976455, 167, 109.63196405000053
0.26955837926632525, 145, 93.7998579299965
0.271785942532845, 124, 93.01819347000128
0.2684403190694369, 159, 118.80274299399753
0.2712857276577763, 141, 106.98984432900033
0.2698299609796741, 132, 83.70529964900197
0.2706669299529224, 158, 79.72291309099819
0.2689358543958982, 124, 76.77744357199845
0.27102047365787635, 147, 85.19103709499905
0.2710003918218767, 128, 92.40040431400121
0.2689704926313198, 116, 92.40584927200689
0.2679137693879369, 133, 80.12598561900086
0.2698543831989677, 145, 85.34650618600426
0.2668481893428424, 133, 86.42854838199855
0.26821463128173756, 158, 103.78421953199722
0.27115219080881064, 88, 111.11718967900379
0.27024619971149955, 128, 98.23601988200244
0.2685232051085341, 118, 90.11831557299593
0.267616424422069, 155, 97.47475681099604
0.2711462421018913, 138, 86.1144855120001
0.26980696649795904, 152, 96.26356909699825
0.2706418285427164, 108, 94.67527718799829
0.2709900545761348, 120, 89.08507156699488
0.27162436354241476, 147, 94.15983575600694
0.26885908147164916, 121, 89.30750716699549
0.26920073510808845, 122, 83.51930765800353
0.2697220332300083, 130, 83.83093194599951
0.26793391570125985, 148, 95.97451098199963
0.26871749126755573, 105, 85.47887211800025
0.2718806176972355, 114, 96.43381994100037
0.2712323044941765, 172, 84.1002462359993
0.2723789275428701, 208, 82.38212589200066
0.26969750856676883, 112, 104.38597982300053
0.27030302592891514, 140, 81.76288861900139
0.2678110879474614, 137, 83.95813529000043
0.2676555709505321, 109, 92.40147945399985
0.2688478063452602, 136, 79.86367389800034
0.26945833080772613, 110, 90.77706823900007
0.2696913236384467, 130, 100.24762219200056
0.2698379608579202, 149, 86.33359358400048
0.27000887993935063, 122, 84.24912126700292
0.2684817333213977, 165, 82.59699707300024
0.26837233513893244, 137, 101.54455867900106
0.2686847095867165, 142, 85.87209810499917
0.26914050238790105, 142, 81.50643272600064
0.27167127292761756, 132, 85.36236431900033
0.2705425931988723, 152, 113.80147300599856
0.2729104727806141, 121, 110.928911048999
0.2696415811868915, 151, 95.389409065996
0.2712921260411927, 200, 79.6066656260009
0.26977335874996283, 120, 97.24558125100157
0.2688049077441147, 135, 85.89094979599759
0.27018134233200897, 150, 92.99558920699928
0.2694656713390172, 132, 88.99201297300169
0.2692653230677143, 91, 85.07548964500165
0.2711847064192743, 130, 101.1556542929975
0.26994803917240895, 133, 95.89896868500364
0.27256449513299247, 128, 106.5510579940019
0.26796835375814493, 110, 86.75310214199999
0.26883239803651326, 162, 78.77380880700366
0.2688667663562035, 93, 83.7840267290012
0.26966481991156477, 126, 91.5195230390018
0.2682257501776725, 120, 95.21600045400555
0.2718331440674458, 125, 81.4072009510055
0.271065225364599, 133, 89.23777074299869
0.27086222917276936, 137, 92.40988903200196
0.2664767756599034, 117, 92.63372411100136
0.2663452956179529, 122, 86.15589139600343
0.26937121450571927, 142, 86.29088507699635
0.27013111972761944, 142, 94.52170531899901
0.2691008615715978, 124, 88.8928823699971
0.2696009328934296, 154, 84.99849304700183
0.27065407759640653, 133, 113.07853143299872
0.267889198027889, 106, 84.13074846700329
0.27019421781648156, 135, 93.04006766599923
0.2708215856205646, 138, 104.32676048499707
0.2702620035027676, 140, 88.15660058300273
0.2675102431979308, 130, 81.59987631799595
0.2706630840681408, 103, 95.22461164099514
0.27118998822930374, 131, 104.80112527900201
0.26983285801973883, 149, 93.08437818300445
0.27253463368727576, 126, 85.66831927800376
0.26974303221228074, 135, 83.8299778859946
0.2702165610612251, 151, 77.92898220500501
0.2708593223696551, 126, 93.06984842599195
0.2698777676873186, 145, 82.01050535100512
0.27027287071034606, 118, 89.23295182699803
0.269563567795202, 122, 99.08358852099627
0.2691638675627956, 141, 123.21382130199345
0.27167877450463807, 116, 95.4499881160009
0.2681339616931074, 134, 84.721456047002
0.271436290616649, 127, 80.18356403100188
0.2711022987769722, 118, 84.27079955500085
0.26919627069444635, 118, 100.4260396999889
0.2702962902669929, 115, 101.70835604499734
0.26995838264574235, 129, 118.59802393399877
0.2677653557077154, 122, 90.38562147700577
