0.2725983535105167, 160, 132.87907309000002
0.27034641909785173, 163, 121.9947421020006
0.2662760344588133, 129, 140.43356453699926
0.26920877558423906, 140, 132.09927031900042
0.26973930374776367, 124, 105.83239813600085
0.2675902047836604, 158, 111.69491384399953
0.27134635415651415, 141, 126.6863375819994
0.2687219158152, 127, 125.13277879599991
0.2703695238188243, 123, 115.10837113399975
0.27125564559190707, 130, 146.12325289399996
0.2681421962789117, 176, 106.81008843000018
0.2702900646657611, 141, 134.8441170139995
0.2689772537969443, 149, 142.2350401399999
0.27023607724076265, 133, 119.78802265400009
0.2715440681144993, 174, 124.0483996919993
0.2699670230908925, 104, 153.04631258100017
0.2701962435960607, 143, 124.91930394799965
0.2697600265614826, 140, 109.45293369400133
0.272143345422301, 135, 125.09532577800019
0.2680103730609107, 142, 122.16552778699952
0.26895284585415025, 93, 121.62219090600047
0.271164260680298, 121, 141.11047103000055
0.2695719133464746, 145, 135.4281041919985
0.2708728699443403, 124, 129.7658326919991
0.27048668990480185, 129, 136.5734210870014
0.26879910129337775, 108, 128.80254921400046
0.2696554660046507, 140, 113.68380040499869
0.2687986620782557, 134, 112.01482309300081
0.26991514153414486, 180, 142.7834931289999
0.26751843746548604, 161, 139.9069351140006
0.2712502081118935, 173, 118.40299078800126
0.2698550396350161, 152, 115.67126753500088
0.27292923119067913, 155, 139.37064806499984
0.26952520962998283, 124, 116.82211737299986
0.27063553124466655, 159, 150.54167169899847
0.27002262978876584, 116, 141.25545334299932
0.2700270000380111, 131, 115.52441675299997
0.26882813522717586, 189, 113.50500773000022
0.2723341574145148, 156, 117.80427356200016
0.2709551820265391, 127, 150.38246934200288
0.2691246422974397, 150, 106.14831274600147
0.26685487774844896, 135, 118.34540560700043
0.2681208232700638, 115, 110.27503249200163
0.2710751848327073, 149, 117.92740644199876
0.2707401896500922, 123, 136.62357203899955
0.26822227860971337, 121, 154.3072885540023
0.2697777145906702, 149, 122.16691391099812
0.268265795749195, 128, 120.37074651399962
0.26750721896550844, 126, 113.06833413799905
0.268890098245983, 151, 137.56229340299979
0.26881807630429894, 136, 148.12580046899893
0.26618840599290433, 136, 130.34027875899847
0.27015581893470836, 150, 114.75649924800018
0.26933867647012755, 142, 112.28167751999717
0.26894951216440366, 133, 117.12856431999899
0.26968085705571515, 122, 108.52454442700036
0.2713371756269675, 144, 131.73288222100018
0.2680094782316674, 173, 136.19284313599928
0.26885817914250554, 129, 125.69839068500005
0.2671467974254472, 144, 116.82432537000204
0.2657667955828514, 177, 114.72493971699805
0.27032719066422184, 142, 164.63920443100142
0.2694695320296156, 141, 142.1736563000013
0.2704868155394555, 114, 128.8458611140013
0.2712828347698287, 130, 107.70191423399956
0.2714859934534343, 152, 111.3226235459988
0.26820720743843157, 171, 126.8793825649991
0.27005173939099686, 126, 114.56829886599735
0.27205529211199675, 138, 104.98005169299722
0.2700205447865184, 181, 107.35345597500054
0.26833703749685495, 127, 136.28023268299876
0.26974272068710553, 129, 120.66641121499924
0.2711204755885029, 132, 144.40027840900075
0.2682612453030599, 122, 116.94844950100014
0.2700879041334563, 101, 113.55855580899879
0.2704945958328225, 123, 147.53249383599905
0.27183769203707214, 179, 114.46087461500065
0.27029869555751956, 156, 123.07915555300133
0.2691726868639544, 133, 140.09763354299866
0.2708115698835521, 197, 106.28231889699964
0.27267225829211694, 120, 133.98930131200177
0.26668454169326083, 146, 104.89376100300069
0.2700441380746785, 119, 124.3951776899994
0.27259214412327437, 135, 111.05792716799988
0.2714711794960996, 162, 120.32755367899881
0.2701921626263569, 159, 117.27479832799872
0.2692589628509278, 131, 100.77170189299795
0.2695326970410973, 120, 129.14800739299972
0.2712982130370138, 131, 114.78085422300137
0.2694356443385495, 133, 102.51289620399984
0.2704611762714074, 117, 157.62973785899885
0.2712292117596505, 106, 116.04344940399824
0.2684954918711278, 156, 113.82980370600126
0.2716279455000911, 177, 118.48355055000138
0.2700568752294518, 135, 112.86654624999937
0.270605784415309, 133, 112.44122036899716
0.27130574921462114, 151, 123.68333863299995
0.2706188830838955, 128, 148.637870939001
0.2694294558425936, 96, 150.78232582400233
0.26910755457615315, 138, 122.10518824899918
0.26756424661752093, 121, 132.06946270700064
0.26900981714847244, 114, 122.14522948900049
0.2678008827213707, 147, 109.61808804400061
0.27053793418296734, 153, 147.46624702699773
0.2689970064779367, 173, 123.8071640019989
0.2702264085148316, 121, 120.3619694020017
0.26830196452758437, 98, 96.26421878999827
0.26870130159311056, 124, 107.4818258439991
0.2676452706306819, 134, 133.37478836900118
0.2690442751943383, 125, 118.01354784300202
