0.2698736450050727, 145, 87.93164502500076
0.2732200692635766, 132, 96.66572900900064
0.2698948987564394, 109, 83.59680300900072
0.26811747015097753, 113, 85.26438148599846
0.2684651929198834, 137, 102.82204317400101
0.2685026653056266, 113, 105.73766038100075
0.26725115195868615, 104, 87.92584465500113
0.2701059987074391, 152, 84.01312011399932
0.27167686785622713, 143, 92.12734521899984
0.2684446914686938, 96, 96.03180603900182
0.2684634676597309, 118, 88.14122533299815
0.26994671268074216, 128, 97.79045468999539
0.26878998879638616, 143, 83.22374562099867
0.2696032140635759, 119, 88.21790842600603
0.269701457216425, 133, 82.01405656700081
0.2688368505242648, 120, 85.34962216299755
0.2700384110649483, 135, 86.0785983809983
0.271954817290542, 142, 113.65096564099804
0.26939320932362476, 154, 90.54797901399434
0.27083579765733995, 190, 81.2748635090029
0.2691101155534638, 111, 86.73798829400039
0.2706207733173051, 146, 82.12816737600224
0.2672641640694042, 152, 77.79220383799839
0.26867295038925837, 129, 80.2944142349952
0.27130159323999187, 136, 81.72102775100211
0.27141307610317694, 127, 93.3500053109965
0.2694941080059323, 95, 93.67004575999454
0.2731400232494888, 146, 95.62877731899789
0.27053875514588127, 126, 88.44794332099991
0.26785694713449737, 138, 89.80812313000206
0.2678442165711062, 134, 110.17040992600232
0.26558996580417077, 109, 105.16380178200052
0.2700614421710254, 139, 107.67992191700614
0.2705867119579184, 142, 97.40782468100042
0.266680041259987, 147, 89.31935245800014
0.26923807132556526, 127, 82.9473592180002
0.26654807819341053, 130, 78.70558771299875
0.2710895324231918, 135, 105.66705247299979
0.2674187165449381, 115, 79.09701231500003
0.27055833232329635, 121, 89.67542283500006
0.2694467127189115, 107, 86.73508947600021
0.2703715954486363, 117, 110.27993700599836
0.26871292446629774, 134, 97.85070766699937
0.2690419375275146, 143, 89.63656806200015
0.2675775649814111, 140, 83.51000373900024
0.2679594421465913, 111, 109.01061165800093
0.27034840486769623, 163, 94.08449158000076
0.26846769406654414, 120, 85.94155892999879
0.27142439911887467, 114, 88.09515398099757
0.27233382806455386, 160, 87.1510870710008
