0.2712144763827243, 142, 90.2022699779991
0.2700744262253019, 118, 88.07505472100092
0.26975371167860335, 128, 87.86403347699888
0.2692725223166855, 141, 82.18350014799944
0.26933011664578144, 111, 115.8274775860009
0.27080746666878364, 146, 85.70044655499805
0.2709785586413586, 162, 96.98725631600246
0.2695514348931172, 163, 97.0371018099977
0.2704399679628486, 123, 95.22239502600132
0.2704815441954791, 114, 93.30479620500046
0.26779306560445243, 124, 90.81208414700086
0.26939975516766057, 150, 87.42432704300154
0.26683756622508326, 123, 83.16489631800505
0.27019905723266374, 118, 87.2885114640012
0.268899617225807, 136, 101.7428323139975
0.2697248167308806, 143, 98.85558982600196
0.2693425172464802, 117, 106.55919896099658
0.268870293240737, 106, 99.3150615409977
0.2717829651561625, 158, 88.12180285499926
0.2697608458307753, 160, 91.74809888500022
0.2690298475763577, 121, 88.66878020799777
0.2701387492964397, 105, 86.90820580199943
0.2710969721788305, 157, 93.63834339300229
0.2687111878384339, 129, 82.6427043069998
0.2704300770412083, 157, 91.95269299499341
0.26873822388719176, 155, 88.13925453100092
0.2684131948247217, 164, 93.52578521400574
0.27153823839057706, 146, 92.1857941039998
0.2682247803915507, 111, 101.84244475400192
0.2702199501742984, 97, 91.14649022900267
0.27195029696278533, 124, 96.78846742799942
0.27013033347423177, 135, 102.40778288099682
0.2728201281192142, 127, 83.87131760799821
0.26641995272532065, 159, 91.95783883800323
0.27152105296980006, 134, 86.19019515299442
0.2721258954362362, 139, 87.16154372999972
0.2683946001359463, 152, 83.98310600900004
0.27146502378332366, 127, 90.13512280499981
0.2703027474294077, 140, 82.3343879060003
0.2695612432381236, 117, 86.14030074899983
0.2681107622093057, 111, 83.35098406900033
0.27051722271936113, 113, 90.55943549199947
0.2705247358157534, 128, 86.6609339229999
0.2667141851643204, 184, 104.71679280700027
0.26785441754748807, 151, 85.57841667200046
0.26912340011607044, 134, 93.7211487379991
0.2703198691979869, 138, 87.52609061300063
0.2695785918052082, 132, 97.54139548999956
0.27049229370609784, 125, 101.28003993099992
0.26848304753501856, 147, 90.65532234300008
0.27052702134038087, 128, 95.41002967499662
0.2687072923180675, 178, 82.58844390000013
0.2694667269809483, 138, 105.73722528199869
0.27198811583593857, 143, 86.10349236099864
0.2716306027429766, 118, 82.97817408400078
0.26909219712463966, 126, 104.52628936399924
0.26808942516415024, 168, 96.76506179399803
0.2657618576329275, 103, 77.49059046199909
0.2725581044059345, 144, 79.32926529600081
0.27200194326933974, 155, 113.2291586700012
0.26886415624641796, 134, 98.14692823799851
0.2686542341172308, 113, 95.53600605999964
0.27081866752264755, 132, 77.27997286600294
0.2676657340221923, 130, 88.18591657700017
0.2700841588341797, 164, 92.03407363499718
0.2708887106767036, 140, 88.97267438899871
0.2701213988329044, 155, 88.02081340300356
0.2725854538980729, 134, 112.00758419599879
0.2710869488126811, 129, 99.8223286020002
0.2697654687482214, 169, 86.70107253100286
0.2692525764975951, 123, 100.0978256160015
0.2698664770179844, 137, 90.63569712399476
0.2705693326613099, 151, 91.0499209280024
0.2675225921902066, 135, 80.78319976900093
0.26948855462053145, 130, 90.06696433899924
0.2671000674463436, 137, 92.5765207709992
0.26928807538053706, 133, 93.54334337599721
0.2694937514993231, 171, 100.52035998200154
0.2695372769688576, 115, 83.48208080900076
0.2695741909389636, 133, 85.5672080190052
0.27064306147706313, 186, 90.4620323679992
0.27074889326109347, 119, 81.31330189399887
0.2716713463498569, 158, 87.18787107700336
0.2675379835557758, 141, 82.74112762199366
0.2738991697764971, 163, 107.46054090800317
0.26748916866383865, 139, 82.90451138900244
0.2691441891763645, 120, 96.25744615500298
0.268280678108854, 135, 91.08378031800385
0.26835606257132955, 128, 120.83098101599899
0.26848606462587876, 146, 105.31329167699732
0.27072378730088187, 124, 89.93028402300115
0.27058553782903405, 96, 83.85155539699917
0.27225374099956023, 207, 77.24386881200189
0.2668681408196921, 138, 84.38178013700235
0.26964084214097317, 134, 98.96186923299683
0.27070863163199516, 149, 100.96731886800262
0.2715422219221336, 117, 88.58734730199649
0.26801610095492445, 121, 96.79758406199835
0.2711086706661744, 137, 84.76035959600267
0.26886754834514476, 152, 81.18699085200205
0.2707239904347385, 120, 91.02393857800053
0.2687007107254383, 110, 84.50855017299182
0.2683179476554785, 121, 83.14865955399
0.2706209822681484, 150, 86.05938547900587
0.27131875365690455, 124, 86.72227388099418
0.2677471359328212, 135, 85.07761280699924
0.2699695774473683, 131, 92.55660751899995
0.2710794470797519, 128, 82.41847446199972
0.269557990562394, 123, 83.36541406999459
0.27116495429707876, 137, 98.41961464699125
