0.2687930041445505, 113, 154.1351951100005
0.2711822937757458, 148, 134.12110812800165
0.2684511964384477, 130, 134.89804196799741
0.26738980440012006, 157, 138.68275799500043
0.267997034042855, 111, 133.16290797499823
0.2677459487294846, 112, 128.0993477669981
0.2686908224276182, 138, 136.5507527439986
0.2694193300103066, 122, 144.40398475799884
0.2693190733169266, 159, 178.10316342399892
0.27197933651821216, 126, 155.21946872400076
0.2706647603833058, 140, 123.50127939600134
0.26705869008885774, 124, 121.8065754340023
0.26891355428799946, 138, 125.06193312500181
0.2701152255128384, 103, 182.80397401600203
0.27089470064219096, 130, 128.59879766500308
0.27181261418201774, 117, 162.73718777300382
0.26985213773631644, 139, 141.2074151429988
0.2707963245947822, 127, 150.09670446100063
0.2693840459675071, 142, 147.53177029299695
0.26951658164911807, 159, 142.54540470900247
0.2687114288743729, 136, 141.387284962002
0.26860036487458083, 147, 121.39412788900518
0.2687831294966592, 144, 133.57605573199544
0.2718265312585571, 145, 128.43423916499887
0.27123405653714594, 101, 139.810494931
0.2698167596772103, 144, 141.17651501199725
0.27043444449234905, 139, 151.40177804900304
0.2693188016701381, 124, 142.56381944700115
0.2709108344121331, 128, 148.43566421599826
0.2697370184692005, 148, 128.86692890900304
0.2668499434717139, 134, 131.69544522200158
0.2699211303181857, 106, 175.166070209998
0.2699408562880997, 107, 167.44890073499846
0.2704765212119171, 120, 140.17627908599388
0.2686930186972322, 154, 118.4515817700003
0.27123401501051037, 169, 133.11894755900084
0.26682254720392595, 130, 146.88349549500072
0.26940339770779526, 118, 145.5370308749998
0.268602081751619, 116, 154.0286796979999
0.27022336643562694, 176, 115.90149830200062
0.27327727301693, 124, 180.11879289399985
0.26713278919560896, 161, 142.00275600700024
0.2659788104105641, 134, 160.5927999509995
0.2695373452092994, 161, 123.99053460999949
0.269131083531979, 141, 121.52644386700013
0.27279715911055336, 129, 167.38872779700068
0.2702122952607802, 131, 144.49350208599935
0.2700381147554392, 118, 148.75498049499947
0.2694079893718236, 98, 149.6793549260001
0.26755831291131793, 128, 165.83919284199874
0.26767818800376453, 132, 157.70657344500069
0.2691064491561022, 152, 119.24209363800037
0.2697956637658365, 122, 149.7885990800023
0.2695983466479608, 126, 160.88988133800012
0.2696720333954863, 107, 120.229731352003
0.26948009316552973, 172, 130.95566409100138
0.268654625820191, 137, 136.75566091899964
0.2707473760973934, 140, 132.3601937579988
0.27148470533432384, 137, 126.3511046149979
0.2699448465256272, 120, 143.61916837600074
0.26862654671409103, 155, 138.85923855600413
0.27022420012756126, 122, 129.93437961600284
0.2708184799098213, 131, 138.61245612600032
0.2688450692759564, 131, 133.66182402500272
0.26729325870171133, 127, 137.01002474199777
0.26940568084021843, 131, 129.584432484
0.2683768045961056, 167, 139.20768568699714
0.2689868351428873, 124, 150.1390115960021
0.2703584602050886, 138, 129.0483759609997
0.2688531248005309, 187, 123.33842168500269
0.26813230126256865, 145, 124.86176853499637
0.2693780885825565, 151, 120.49982290100161
0.26948136630472735, 155, 127.33531528899766
0.27109305983128296, 139, 134.32145861499885
0.2708529543232823, 171, 162.20525851599814
0.26822653031892396, 116, 148.8345387320005
0.2689942099427098, 146, 142.07836633199622
0.27076463073289064, 141, 136.20781588799582
0.2731083870432197, 135, 139.85887407299742
0.27066014181579884, 128, 180.0589076670003
0.269518976570554, 168, 160.8169773050031
0.2686382247064969, 131, 161.8607768639995
0.2714858091422359, 158, 134.74382802200125
0.2708589975692544, 143, 123.95375862299989
0.27000576483571226, 153, 126.32864769300068
0.26866698337207895, 125, 154.38543506599672
0.27068002341727876, 132, 150.38304815599986
0.2690612780348846, 158, 130.92271742400044
0.2694059320300371, 142, 118.14619279600447
0.2721096343336496, 141, 128.0562598480028
0.2702056381727254, 146, 126.09476058499422
0.2697296189395769, 139, 144.18497398099862
0.2687419509970009, 138, 143.4625961979982
0.27030736903695923, 138, 172.16314772600163
0.26829711622425, 148, 138.13824164999824
0.2698201553384671, 127, 152.90935648499726
0.267395374528131, 121, 142.544548828002
0.2693548497041791, 113, 149.16145223000058
0.2701428980649311, 183, 118.16309302499576
0.2680008091431261, 116, 134.27751697900385
0.27106517758590915, 160, 119.60610152500158
0.2696848763240716, 168, 126.45681308399071
0.26789654156773846, 97, 162.95455524600402
0.2678210466863823, 128, 120.2896648679889
0.2703609830908129, 178, 176.4625606139889
0.2684135081052677, 127, 131.48373713099863
0.26942140509992674, 129, 141.2030161570001
0.26992772010174476, 117, 167.02761285399902
0.2696238240369191, 118, 126.36502033799479
0.2697106254382786, 121, 127.54730434600788
