0.8553199641468738, 301, 32.6100475839994
0.85377635510074, 342, 33.12074795100125
0.8550301511176442, 327, 32.79208537199884
0.8548924610824361, 280, 32.79112559499845
0.855074344471766, 304, 32.83345344799818
0.8546394305220488, 310, 32.487613290999434
0.85512643958225, 288, 32.815313387996866
0.8549750966510395, 345, 32.512402357999235
0.8548817635815915, 257, 32.865742179001245
0.8550587815607453, 333, 32.63158074600142
0.8541940200668827, 291, 32.518261779998284
0.8549075006108308, 298, 32.642753972999344
0.8554953060063127, 280, 32.65788401899772
0.8543156002264862, 298, 32.377673954000784
0.8538828930581486, 331, 32.6140776430002
0.8553132225796722, 279, 32.76917103699816
0.8557188915391445, 339, 33.62050608999925
0.85575467657749, 268, 34.23470740300036
0.8544148165449641, 328, 32.92310266599816
0.8548631949256635, 308, 32.53065296500063
0.8554611104292772, 321, 32.6373023260021
0.8549599451039253, 288, 33.36450336200505
0.8548337528712084, 309, 32.264749063004274
0.8540448713179715, 266, 32.829239041006076
0.8558255497095807, 283, 32.289383532996
0.8552915389733559, 293, 32.77119149599457
0.8537005553883683, 423, 32.50767595799698
0.8525026869282251, 342, 32.995678215993394
0.8539873377097368, 366, 32.85509642500256
0.8548548074097768, 294, 32.50659192299645
0.8544854920893096, 260, 32.58540611100034
0.8527071407184748, 409, 32.75123427299695
0.8545825996592514, 277, 32.94456458300556
0.8547728202036892, 340, 32.99512840699754
0.8548302415231728, 330, 32.55803300200205
0.8555293856399185, 257, 32.701922043001105
0.8529874356525903, 359, 32.73372899900278
0.855589297710713, 332, 33.44547339199926
0.8541062354913157, 319, 33.26770062799915
0.8548773644204598, 340, 32.799657617004414
0.8554221339349076, 311, 32.85998343500023
0.8538053976549823, 364, 32.99513819899994
0.8556518959140302, 298, 32.66375385900028
0.8546050704018139, 312, 32.96416124899997
0.8551802831325914, 239, 32.910408996001934
0.8556864703597677, 301, 33.86813880599948
0.8558252876827516, 349, 32.56845330000215
0.8559411217916675, 304, 32.68466455900125
0.8562346891809787, 296, 32.99526594700001
0.8545039870623249, 311, 32.41191584700209
0.8562008506253589, 324, 33.45072831200014
0.8562415929016156, 294, 32.63680841899986
0.8549504126993152, 255, 32.76737728599983
0.852452045383485, 347, 33.29348683900025
0.8543703543072246, 271, 33.19226516699928
0.8536336483292618, 375, 32.54887310599952
0.8544354491750107, 315, 32.71001072500076
0.8552908423199186, 279, 33.2699226429977
0.8549527208722575, 266, 33.74253114400199
0.8560196727117746, 266, 32.70599272899926
0.8532355004931388, 402, 32.67841457099712
0.8550587518420346, 282, 33.6479661340054
0.8555487384346396, 274, 32.47950857700198
0.8520655167342882, 353, 32.57971506899776
0.8547160378836847, 277, 32.59075530100381
0.8545067911773334, 328, 32.68289364100201
0.8552704593256869, 284, 32.90755712700047
0.853464358987168, 313, 32.7094104850039
0.8560847372678395, 322, 33.04550860999734
0.8546210736653531, 355, 33.23626932699699
0.8554051582027741, 257, 32.81763656200201
0.8558643573213799, 266, 32.77678435800044
0.8528528856066749, 389, 32.29180112899485
0.8551768695618024, 392, 33.799917650998395
0.8542774686909897, 303, 32.66116971299925
0.8533929500297288, 340, 32.41867368399835
0.8540820013191194, 334, 32.838107952993596
0.8539458800221681, 342, 33.08770779299812
0.8549492237948711, 313, 32.71137784700113
0.8551083475008255, 295, 33.01470514500397
0.8518940166046205, 327, 32.753675970001495
0.8547529988969284, 308, 32.65531416799786
0.8549383321487435, 299, 32.80212943200604
0.8523888098547082, 392, 32.70090675599931
0.8536669912432708, 299, 32.86550092199468
0.8535016484462283, 388, 32.52935199999774
0.8556216094077143, 263, 33.22717804399872
0.8540718614343482, 396, 32.58789590500237
0.8544022607531359, 378, 33.08317387799616
0.855586388771307, 274, 32.6223602750033
0.8540423064729404, 258, 33.366947835995234
0.8543890551740715, 284, 32.7453919949985
0.854906903008352, 260, 32.78897105700162
0.8547142256537855, 278, 32.994936680996034
0.8535002746809844, 291, 33.29881568500423
0.8551392187369834, 279, 32.77922264899826
0.8548399807738296, 307, 32.98857271900488
0.8557774402269465, 294, 32.916664491996926
0.8555525875221434, 299, 32.70933647000493
0.8548049941706933, 274, 32.92214745900128
0.8545666870914304, 352, 32.396711042994866
0.8555932861430829, 243, 32.59216033399571
0.855493496508026, 338, 32.80292525899131
0.8558305440874898, 311, 32.8763587269932
0.8538669310172846, 303, 32.738566690997686
0.8540433732568115, 362, 32.687666190002346
0.8548981877671675, 291, 32.73687420600618
0.8563642223527536, 251, 32.97153449199686
0.854022969055915, 301, 33.23799355700612
0.8555459649705168, 261, 32.45641219201207
