0.8547257782204843, 327, 32.41377890899821
0.8541909972615016, 357, 33.61237533500025
0.8556070915341719, 272, 33.77855395900042
0.8540857175185939, 294, 33.12308010099878
0.8548159308044614, 317, 33.7220943780012
0.8522729723873913, 309, 33.63222730900088
0.8543167450354384, 263, 33.909695648002526
0.8550151630241559, 293, 34.36158185099703
0.8543462091463754, 256, 34.41290129200206
0.8555591575061723, 320, 34.001763178002875
0.8543271758277773, 354, 32.970220128998335
0.8552873590042825, 264, 32.66053208000085
0.855569205804782, 333, 32.807763311997405
0.8552967834289678, 347, 32.86556891000146
0.8548927637869499, 289, 32.952686980999715
0.854810866444654, 277, 32.76030197699947
0.8551982988864648, 305, 32.87697913000011
0.8555341412197968, 276, 32.54509809699812
0.855979384317598, 263, 33.43363372100066
0.8555385894728667, 272, 32.47824833800041
0.854647711473449, 309, 33.23527580900554
0.8559266823835605, 323, 32.97964625899476
0.8552030926100281, 330, 33.50659085899679
0.8555912930999487, 285, 33.35114644600253
0.8546670274808678, 338, 32.46503364900127
0.8530726247402678, 320, 33.15538136300165
0.8546919555497136, 312, 32.701577232001
0.8550108928797696, 319, 33.11110319200088
0.8552801714767413, 263, 32.6466785800003
0.854466713986052, 315, 32.82143225699838
0.856549758830354, 257, 32.884100518000196
0.8563182039782987, 239, 32.80735122800252
0.8556891841154247, 282, 32.48098146099801
0.8545763729069864, 276, 32.713490624999395
0.8556930153471124, 325, 32.716252122001606
0.8542372014454357, 272, 32.865686249002465
0.853925701453769, 329, 32.83189051299996
0.8532869023101757, 324, 32.7563496110015
0.854220205201904, 280, 32.721994687002734
0.8537739265652676, 313, 32.7184539009977
0.8551510523805976, 311, 32.736736030999964
0.8547492891234734, 266, 32.9633974379999
0.8541680352876759, 328, 32.69276447099992
0.8556645263274936, 260, 33.34541695799999
0.8542493274234736, 309, 33.01508591299989
0.8522068462325085, 335, 32.571418185999846
0.8557908941391116, 269, 32.49165605400003
0.8539659280524127, 279, 32.93528662100016
0.8551629861574024, 263, 32.83368880800026
0.8550138015677288, 333, 33.607754557000135
