0.8558976028119121, 259, 33.4797387030012
0.8539193553953209, 356, 34.208684475001064
0.8546889073456798, 285, 33.79503784199915
0.8559714060708539, 318, 33.36255252999763
0.8551943085571471, 305, 34.00450483199893
0.8555534931842556, 283, 32.88165920300162
0.8541185099032357, 340, 32.49575779600127
0.8549156298970696, 278, 33.05417342800138
0.8538547524186876, 363, 32.64615242799846
0.8548938098548227, 275, 33.09991925900249
0.85555277875376, 268, 32.63650698299898
0.8560216020787975, 312, 32.98000808500001
0.8553188481761543, 358, 32.71455959100058
0.85491650986917, 280, 32.656049337001605
0.855431180794369, 325, 32.74247524900056
0.8557616845229323, 289, 32.87814079600139
0.8544674458844643, 307, 32.63265596900237
0.8556240892679517, 261, 32.83847411299939
0.856036260636092, 273, 32.76424278000195
0.8544452299868572, 302, 32.74899804699817
0.8546831101759265, 286, 33.01746541399916
0.8517935061645895, 370, 32.758176179006114
0.855420387056919, 294, 32.63924536299601
0.8552574555013284, 282, 32.62610091800161
0.8557257818798182, 263, 32.90512718199898
0.855114766480377, 283, 32.750358578996384
0.8538717547751778, 357, 32.57645630200568
0.8542341375158473, 385, 32.71129280400055
0.8526748581368775, 359, 32.31552981999994
0.8542386302730148, 383, 32.70342950600025
0.8535665682354862, 301, 32.69181706699601
0.8552811285479133, 298, 32.76759859899903
0.8544835964819232, 278, 32.59738322300109
0.8547769769767561, 318, 33.17035601999669
0.8551726016698028, 339, 32.68114037899795
0.8545993317195469, 281, 33.131359427999996
0.8551927920347493, 279, 32.70934871400095
0.8549396046413111, 349, 32.56631049699354
0.8553509406104085, 264, 32.44473836499674
0.8547055370769542, 335, 32.7557015819998
0.8536946927979739, 348, 32.51616599399995
0.8553615896946652, 347, 32.90385236200018
0.8546285355152489, 275, 32.552159512000344
0.8554652726546026, 292, 33.04455860899998
0.8550599608531514, 296, 32.518729659999735
0.8532955221424765, 311, 32.88968219800017
0.8561579325848672, 259, 32.498230376000265
0.8555683190188993, 257, 32.5578455079999
0.8552399256327582, 272, 32.44423146899999
0.8546028957874648, 348, 32.76176641499842
0.8557074397705936, 252, 32.57711140799802
0.8550878295250488, 283, 32.89075057100126
0.8543892567517892, 267, 32.86973945799764
0.8544365128372338, 303, 32.93140901099832
0.8556670578083787, 308, 32.76752730899898
0.8535057743438198, 282, 33.478746176999266
0.8524228415020363, 318, 32.65316326700122
0.8543796466417142, 265, 32.618381133001094
0.8553059108624023, 300, 32.63242434900167
0.853803090696799, 323, 32.93446895500165
0.853227991528775, 369, 32.99471571899994
0.8552942425594561, 282, 32.71182706500258
0.8550858821749358, 260, 32.58878331900269
0.8535256252525985, 259, 33.15544456000134
0.8530381997907625, 364, 32.49956698099777
0.8534545052725863, 335, 32.511377965001884
0.85482025071992, 364, 32.728331927999534
0.8555800482879268, 328, 32.7149836009994
0.8551791913034117, 280, 32.36923251499684
0.8544405784048911, 361, 33.03983971400157
0.8543835278762784, 306, 33.23609502400359
0.8528817070468144, 292, 32.76110874799633
0.8537068523904849, 306, 32.96747973099991
0.8548339553168137, 271, 32.651404429998365
0.8533806897706855, 272, 32.723760471002606
0.8543475299730224, 313, 32.54528446400218
0.8549605260818391, 322, 32.62006704500527
0.8552498692444761, 345, 32.67079525900044
0.8545202132576157, 314, 32.50718782199692
0.8557026362451892, 272, 32.79812246200163
0.8547871987321676, 303, 32.85062206799921
0.8553704690874754, 311, 32.51204838000558
0.8545910193307906, 277, 32.53488185899914
0.8555589100560917, 324, 32.6998070280024
0.8559157265390993, 253, 32.741657648999535
0.855947963662762, 277, 33.05098841799918
0.8557863535710888, 282, 32.627919057995314
0.8540884799765228, 348, 32.77905313700467
0.8535596992250357, 340, 32.695006092995754
0.8556442790135852, 260, 32.946317242996884
0.8551147281678527, 262, 32.729442711002775
0.8557367140251978, 276, 33.19734885399521
0.8523143299301876, 348, 32.6157781879956
0.8550573694405068, 346, 33.0523413300034
0.8547134331367692, 234, 32.749806899999385
0.8524807514823048, 383, 32.8205117739999
0.8542913922625884, 320, 33.0062202170011
0.8557005050043939, 260, 32.68937847699999
0.8550936782252925, 290, 32.79093889900105
0.8548542349194209, 316, 33.158665360999294
0.8554319158021642, 282, 33.02914255100768
0.8550295108213266, 329, 32.469580617005704
0.8558500053930586, 273, 33.24731009200332
0.8537761650471528, 333, 32.91771415701078
0.8552783326365079, 323, 32.8955824529985
0.8545704599916067, 275, 33.042694738003775
0.8547351417264305, 354, 32.82359754499339
0.8551644806251677, 293, 32.83426248100295
0.8547966939305651, 256, 33.14687620999757
0.8544633802080563, 400, 32.540765381010715
