0.8557777170557699, 336, 33.24801865900008
0.8547822282520663, 332, 32.854595764001715
0.8556485501966555, 292, 33.83598312299728
0.8547594881219293, 302, 33.745815080001194
0.8559758199002087, 295, 33.023111139998946
0.8556994812638702, 249, 33.2822129840024
0.8537059090592034, 338, 33.04724963699846
0.854266094387165, 332, 33.12970433100054
0.855977918139233, 278, 33.78292089599927
0.8533333332756144, 335, 33.515969829000824
0.8554408420416482, 284, 33.126064250001946
0.8561828446398735, 231, 33.66287598700001
0.8533237867912781, 357, 33.51929218700025
0.8531930819847032, 384, 33.369451800001116
0.852333018129161, 284, 33.207017506996635
0.8530031619126816, 325, 33.0406007849997
0.8553045964581584, 287, 33.161454146000324
0.8547054332802178, 272, 33.68774670899802
0.8556073484719257, 264, 33.684712009002396
0.8548145496100947, 272, 32.932325177000166
0.8558525929226298, 270, 33.083970873005455
0.8526923478928359, 299, 33.64427660200454
0.8558572661297664, 282, 34.017240050998225
0.8538902233477124, 323, 33.663003925998055
0.8551155019626572, 263, 33.27190990800591
0.8553299510359506, 257, 33.12893212799827
0.8547369366162137, 307, 33.231106494000414
0.8541804141805972, 293, 33.3023045269947
0.8528518268057694, 351, 32.96127102200262
0.8547609711457801, 320, 33.360414859998855
0.8555806283653342, 283, 33.651954398999806
0.854180253698812, 332, 33.2136693700013
0.8555672990702459, 281, 34.0783951600024
0.8523073159387634, 325, 33.22202970899525
0.8546940644925825, 250, 34.53972144500585
0.854428491387138, 327, 33.107496874996286
0.853379169207632, 282, 34.127390266003204
0.8560429417581207, 309, 33.152787858998636
0.8556424024222287, 274, 34.043313700996805
0.8548734492407024, 283, 32.98533817400312
0.8544683235740917, 340, 33.881895603999965
0.855223904861097, 275, 33.292355229999885
0.8543353574153079, 316, 33.717394656000124
0.8552040201004978, 267, 33.17703534100019
0.8546240298434653, 283, 33.96115480200024
0.8546144346640199, 292, 33.41036857600011
0.8552178989229008, 299, 33.82165315099974
0.8545909606161208, 284, 33.30085058900022
0.8529680756094784, 301, 33.662732356000106
0.855900145347608, 317, 33.02033277500004
0.8551035702186969, 237, 32.90387200800251
0.853460516296545, 385, 33.1513533469988
0.8552942140139049, 266, 33.29113111699917
0.8551200472798504, 287, 33.30342499299877
0.8543113409055971, 331, 33.23028749399964
0.8552372978324664, 302, 33.14815750100024
0.8546608637249802, 263, 33.27942396800063
0.854979718459448, 262, 33.6895844210012
0.8537924580284502, 305, 32.8354743710006
0.8556122352480898, 279, 32.911833935002505
0.8543355507172432, 311, 32.85282032099349
0.8544072553972709, 345, 33.086326550001104
0.8552299317803511, 292, 33.140393229994515
0.8549474510311843, 364, 33.7886924340055
0.8551407059120634, 274, 33.28909727399878
0.8557003434295891, 274, 32.85495217699645
0.8529710833169873, 298, 33.14154291200248
0.8554002820691533, 280, 33.18768624200311
0.8559775959021368, 301, 33.55095379699924
0.8541173697437526, 355, 32.89129725200473
0.8550276537697692, 299, 33.50645905800047
0.8563360344138261, 305, 33.64855476900266
0.8545036555045622, 356, 33.842528396999114
0.8538018505268788, 270, 33.51793150899903
0.8552432395755761, 291, 33.05490026399639
0.85413918361401, 253, 33.77497943100025
0.8558685668107073, 268, 33.70226071999787
0.855607157696627, 266, 33.84912650800106
0.8545952432381039, 257, 33.40925544199854
0.8546080187212294, 299, 34.07229086999723
0.8552270359462686, 291, 34.18456132400024
0.8552660803163116, 292, 34.320513721999305
0.8546222309967295, 345, 33.17287295099959
0.8549939771951786, 259, 33.228116998005135
0.8550761253311074, 274, 33.093781583003874
0.8551601404769927, 305, 33.1123694170019
0.8552387619711392, 280, 33.286324951004644
0.8545878355581861, 342, 33.320235093997326
0.8542238919807271, 332, 33.29753812000126
0.8555392189473832, 260, 33.53868386599788
0.8526429910378244, 357, 33.05080393300159
0.8555347200758632, 245, 33.195798000997456
0.8546535056428293, 276, 33.48795646199869
0.853286991504143, 292, 33.31151944099838
0.8539534502735247, 311, 33.17563722399791
0.8548269268271801, 249, 32.70938960499916
0.8557644406905961, 266, 33.444956784995156
0.8556337234067578, 266, 33.021633719996316
0.854836381037411, 299, 33.16684054999496
0.8549815490246633, 302, 33.11887269300496
0.8557065334694948, 260, 33.03859611498774
0.8559931381759398, 311, 33.36490734599647
0.8562323779366753, 300, 33.20719912699133
0.8549997787970132, 265, 33.03386018599849
0.8553651127584031, 253, 32.841704513994046
0.855315261248195, 301, 33.149965196003905
0.8561875024327773, 289, 33.22369478500332
0.8544734915602622, 314, 32.939626256003976
0.8554124744437718, 274, 33.210397066010046
0.8554819132801786, 285, 33.10865434700099
