0.8535489750411499, 326, 32.68861142099922
0.8528023338695431, 359, 32.62850277299731
0.8550492429991903, 294, 33.34417891299745
0.8544996245487686, 288, 33.807681488000526
0.854673278104492, 288, 33.901405252003315
0.8553161842425924, 264, 32.63964306900016
0.8550617702124611, 261, 32.876057696001226
0.8545861683461315, 250, 33.29841164999743
0.854755432113654, 314, 32.45437486999799
0.8544588482908274, 298, 33.31320779899761
0.8527331655426437, 372, 32.9133323749993
0.8543126495243173, 309, 32.76118684800167
0.8543228907171252, 315, 32.8099630329998
0.8545516492360474, 283, 33.19017418899966
0.8545899233572554, 277, 32.78072353200332
0.8548198833507703, 295, 33.364841317001265
0.8552412389750348, 262, 32.94476691199816
0.854328961543304, 317, 32.76452657000118
0.8558060888439064, 309, 33.15030746499906
0.855258981764168, 280, 32.82121406299848
0.8540782132357674, 289, 32.98325453799771
0.8552890001471335, 278, 32.78482641099981
0.8554450457537498, 282, 32.93883236799593
0.8550136213103444, 275, 33.096132545004366
0.8547989861889483, 297, 33.30529814500187
0.8533950657380073, 306, 32.78945450199535
0.8556053519425798, 279, 33.22743511199951
0.8550249882742839, 310, 32.964055780998024
0.8553509311843598, 278, 32.61897989700083
0.8546316530709063, 246, 32.69696898499387
0.8541910897314937, 312, 33.76784192700143
0.8557553749850951, 242, 33.339342985003896
0.8536759818624198, 336, 33.97104804300034
0.8553279450230364, 272, 32.90134120199946
0.8564136333319471, 310, 33.65096777299914
0.8558646942102057, 271, 32.85572486399906
0.8549528804606662, 289, 33.58881634899444
0.8560986684362661, 294, 32.9372235799965
0.8546091072252122, 304, 33.19903313599934
0.8552971394493397, 313, 33.28896836400236
0.8529174168803056, 330, 33.07789446800007
0.8558134537154662, 309, 33.011709423999946
0.8540483302078233, 283, 32.810444796999946
0.8551427954652566, 301, 33.1003852570002
0.8543893588136132, 305, 33.7192689059998
0.8558494152055458, 250, 33.83975800400003
0.8555979390639861, 278, 34.289117492999594
0.8552170894371939, 316, 33.13469260900001
0.8547125177496808, 297, 32.91028425500008
0.8542892367034315, 323, 32.98130517999971
