0.8557819529589024, 264, 33.052920998001355
0.8554410317346819, 266, 32.6939906209991
0.8561716044471469, 310, 33.349796446000255
0.8546868438872971, 275, 32.663890007999726
0.8550665556879308, 313, 33.025122232000285
0.8526313700598184, 371, 32.71568831799959
0.8556126834749094, 246, 32.61467985500349
0.8542243415044903, 365, 32.91869746700104
0.8540285162758902, 278, 32.529944940997666
0.8544879485376631, 386, 32.66567737099831
0.855218406339612, 291, 32.82176887899914
0.8537473725983754, 314, 33.035843884001224
0.8548276166576096, 296, 32.67413859199951
0.8554816240673955, 281, 32.55123173799802
0.855829952873942, 275, 32.7535805089974
0.8556762794181374, 320, 32.65189704899967
0.8550871160100613, 283, 32.442510544999095
0.8548245139943463, 325, 32.88882267599911
0.8535800851994609, 363, 32.598394166001526
0.8537766796880316, 282, 32.530179000001226
0.8540944206470614, 294, 33.29184438200173
0.8553367747565701, 289, 32.52923729399481
0.8533032949307532, 385, 33.47803364900028
0.8557585319425343, 291, 33.020438136998564
0.855997738679005, 313, 33.32376773600117
0.8546367276944781, 294, 33.327968172998226
0.853567447221036, 348, 33.38758795600006
0.8546294639509994, 310, 32.88145062399417
0.8560673458324729, 298, 33.5426581990032
0.8555142259900903, 272, 32.78607945099793
0.8545739801070825, 306, 33.19667989300069
0.8559532174310164, 318, 32.792496190995735
0.8550489126035473, 290, 32.60470886899566
0.8553402782441362, 288, 32.69800892499916
0.8522767834081314, 368, 32.70289680999849
0.855118187262016, 262, 32.70414365099714
0.8551044804425753, 331, 32.521353488002205
0.8544040855147986, 287, 32.69028619799792
0.8548065053540994, 271, 33.85527182199985
0.8558545684189935, 276, 32.91678295100064
0.8557025612747753, 277, 32.74630049799998
0.8549571543966709, 271, 32.6311928770001
0.8556070350304555, 342, 33.74816316799934
0.8562375586934876, 283, 33.543210526999246
0.8549969589215828, 290, 33.51708141299969
0.8558665208292039, 282, 32.94379908300016
0.8544623333240984, 331, 33.4063052219999
0.8557132547014448, 295, 33.25861151200024
0.8546941441137541, 303, 32.42330253899854
0.8558625198447203, 294, 32.981162676001986
