0.8550460363868518, 305, 45.51617941100005
0.8537617308481192, 326, 44.422610734000045
0.8546999142520919, 283, 45.345268712000006
0.8546964352180059, 278, 44.44490831400003
0.8535463071272229, 344, 43.35245436699984
0.855376304596392, 269, 43.19017927899995
0.8543295918856816, 274, 43.18902434300003
0.8540951424937996, 374, 42.183874093999975
0.855052927561845, 357, 42.39394866900011
0.8540923792525267, 291, 42.98920335999992
0.8551083244276382, 382, 43.88477581899997
0.8550501387779786, 259, 42.46176315899993
0.8539401276424425, 382, 43.403277937999974
0.8559971256885807, 284, 43.70669859899999
0.8545296154378342, 306, 43.20285932499996
0.8540701067903771, 259, 43.10216745799994
0.8558722402267327, 338, 42.386485927999956
0.8554451388753649, 254, 44.06441843399989
0.8543668626839266, 304, 42.40825495599984
0.8556791010448618, 304, 42.26316952099978
0.8550097760489715, 295, 45.32638699500012
0.8553716363904585, 327, 41.64440326299973
0.8538368741566935, 344, 43.7605247460001
0.8562360452508961, 266, 42.573818142000164
0.8529398832311383, 314, 44.65654804399992
0.8543526443737886, 334, 43.678990947999864
0.8549649052913929, 277, 44.65967031300033
0.8531734796299654, 380, 42.49567156199964
0.855646784939385, 299, 42.19177956900012
0.8556105326870465, 285, 43.481341581999914
0.8528196844780347, 378, 43.06765771499977
0.8558712328976708, 261, 43.462500931999784
0.855495575540374, 302, 44.02432733200021
0.8545965504544037, 316, 42.899810175999846
0.8559918712185256, 319, 44.13524213200026
0.8547133250785567, 286, 43.257261780000135
0.8558811204733797, 304, 43.480109257000095
0.853555550031392, 374, 43.09112801299989
0.8546404559901366, 325, 44.66216488500004
0.8549360770151561, 347, 42.89962375499999
0.8552514574805175, 282, 42.70494165700029
0.8554984956889128, 297, 41.81193326199991
0.853794524753133, 359, 42.36753409100038
0.8545393501761964, 300, 42.344624419999946
0.8539030058278153, 354, 43.680324477999875
0.8537701553997236, 289, 43.04721581700005
0.854538102443635, 306, 42.264245957000185
0.8560691118120183, 337, 42.41376983200007
0.8554138273396404, 289, 42.805149001000245
0.855373695250799, 304, 43.504086991999884
0.8545024175070116, 363, 41.71672131100013
0.8538979908857438, 331, 43.07613401500021
0.8563183569894579, 304, 45.08972212200024
0.8544439753032611, 302, 42.47139120999964
0.8542714456531645, 302, 42.00984714400056
0.8546381364897818, 297, 42.37819924199994
0.8547762895104124, 283, 44.58688014800009
0.8548400190834428, 323, 42.22472089599978
0.854494917600453, 345, 43.1685689320002
0.855516809305897, 244, 42.959025534999455
0.852637946080637, 290, 42.55581147599969
0.8551802433478475, 273, 43.639699753999594
0.8546316779323408, 276, 42.88171660399985
0.8548832043650394, 296, 44.22331268800008
0.8544374760173502, 284, 44.61269069199989
0.854673506625908, 370, 42.117910433999896
0.8545089343132638, 331, 43.98403251899981
0.8556571538393094, 242, 42.43603321499995
0.8534493932068842, 365, 42.861716950999835
0.8550384814121822, 260, 44.12026440500085
0.8555377731152911, 273, 43.21246879699993
0.8526011857108804, 374, 42.47095628900024
0.8552508606001956, 320, 43.2536287920002
0.8550264386535046, 293, 42.42415106899989
0.8537691493881906, 356, 42.175668629999564
0.8557876185512465, 283, 42.42081640000015
0.855595253215954, 254, 43.30538815300042
0.8559122357084649, 275, 47.156926741999996
0.8550862076507924, 377, 43.87075295900013
0.8532520744957011, 321, 45.46580581499984
0.8552719095270508, 270, 42.57978594399992
0.8549143311825748, 271, 42.82279979099985
0.8555175091144149, 263, 43.266595216000496
0.8540211807603887, 299, 43.02317025600041
0.8536177115853243, 329, 44.253946959999666
0.8558536752107885, 279, 42.127443373999995
0.8558857890053291, 294, 42.752602335999654
0.8554166041048638, 262, 42.96275388200047
0.8526438866709852, 372, 42.59137878999991
0.8561502485988186, 267, 42.64263406699956
0.8561709978048311, 290, 42.40894887000013
0.853785213233256, 297, 42.87128362900057
0.8551181508558473, 314, 42.46272748000047
0.8536996670507996, 368, 42.366902920999564
0.8549952281695394, 274, 41.9415978119996
0.855117122591644, 289, 43.65763353299917
0.854832322568045, 353, 43.59699708199969
0.8557417627715457, 328, 43.070035773999734
0.8552700468482468, 293, 44.29665633900004
0.8539865148266379, 290, 43.53287364900007
0.851505188912307, 401, 43.89501643699987
0.8541043932221467, 420, 42.73395154299942
0.8527447582279304, 370, 42.01440577500034
0.8535049348757862, 333, 42.40362714500043
0.8554381179702395, 285, 42.673545169000136
0.8540962730809522, 304, 42.52799552899978
0.8558823738308745, 270, 43.13972634899983
0.8559524785610808, 312, 42.8765134410005
0.8557740341185389, 261, 43.519396363999476
0.8551444242341413, 257, 42.852453262999916
