0.8547901034173905, 269, 50.27074562299822
0.8542164294459769, 279, 48.767782743998396
0.8543114083712958, 316, 49.496166936998634
0.8561754633448873, 274, 48.99175287400067
0.8556488394821863, 284, 48.10576690800008
0.8543128182188279, 315, 47.32259191100093
0.8551708434336016, 297, 49.76245514299808
0.8558817459859082, 272, 51.221883133999654
0.8520003988889526, 382, 49.52520767900205
0.8540355108095896, 353, 48.81559551400278
0.8537745792989719, 335, 47.632890148001024
0.854957273192029, 297, 48.382027159001154
0.8548684708729771, 327, 47.73110910700052
0.8553174133677769, 289, 47.46002942799896
0.8555030277131509, 296, 48.22324585700335
0.8555465632163372, 266, 47.41075383700081
0.8542942995787739, 301, 47.66476544000034
0.8556433070606121, 256, 49.406814378999115
0.8552015197285818, 344, 47.561672174000705
0.855678410771727, 255, 48.66317281699958
0.8536097067090852, 322, 48.23218725100014
0.8552104935604573, 280, 47.45993947399984
0.8536548880762422, 289, 47.460279293001804
0.8533583410417179, 331, 47.482277486000385
0.8544075897189165, 340, 48.5881806949983
0.8543769299795542, 306, 48.79542382599902
0.85481089604279, 263, 47.828985441999976
0.8561055266809996, 287, 48.41506467600266
0.8562039391339897, 315, 47.43437560299935
0.8549372349252516, 284, 48.047916253999574
0.8537490326903944, 357, 49.95924864199969
0.8555575817323647, 260, 47.86111544999994
0.8532529157820559, 355, 46.936871057999724
0.8552828452834935, 327, 47.249645842000064
0.8549822952763358, 311, 47.08006581799964
0.8553856202643626, 281, 47.71427464299995
0.8559847357451505, 298, 47.09447517799981
0.8552053665720587, 325, 47.95217098300009
0.8551496880159181, 272, 46.68168183900025
0.8563699229736197, 272, 47.63129964200016
0.8556002338402221, 243, 48.53034219199981
0.8548617339969211, 354, 48.83815737199984
0.855468560005389, 275, 49.4856343499996
0.8541351871146827, 277, 47.32353033899926
0.8551034708066189, 253, 48.88913313300145
0.8550592760835698, 293, 47.8510907939999
0.8551096353446523, 266, 47.81031573299697
0.8556767812504092, 333, 49.36027690500123
0.854934232964075, 314, 48.20704388299782
0.8529818797940895, 332, 46.9866732149967
